# name: debug
# type: sparse matrix
# nnz: 1116
# rows: 42
# columns: 42

1 1 35991493.2
2 1 -101783.652
3 1 -3246113.88
4 1 -549792.86
5 1 23143630.4
6 1 -4551169.51
7 1 -1338145.41
8 1 -50373.1087
9 1 283684.513
10 1 90610.6437
11 1 -1191078.86
12 1 227358.902
1 2 -101783.652
2 2 35903822.7
3 2 -5374863.03
4 2 -22524745
5 2 546475.334
6 2 2014216.24
7 2 -52933.207
8 2 -1297215.89
9 2 318102.629
10 2 1125367.54
11 2 -92438.2804
12 2 -168612.606
1 3 -3246113.88
2 3 -5374863.03
3 3 13941243.1
4 3 5088190.81
5 3 -2376415.79
6 3 3311.21109
7 3 277600.387
8 3 317515.22
9 3 -203566.059
10 3 -293964.147
11 3 234932.581
12 3 524.704667
1 4 -549792.86
2 4 -22524745
3 4 5088190.81
4 4 31488397.5
5 4 -803834.558
6 4 -955236.711
7 4 91751.795
8 4 1125250.42
9 4 -294387.622
10 4 -995579.276
11 4 110782.607
12 4 113165.403
1 5 23143630.4
2 5 546475.334
3 5 -2376415.79
4 5 -803834.558
5 5 32762641.8
6 5 -3870983.79
7 5 -1189221.17
8 5 -88827.6396
9 5 239290.13
10 5 108396.746
11 5 -1083003.04
12 5 185421.103
1 6 -4551169.51
2 6 2014216.24
3 6 3311.21109
4 6 -955236.711
5 6 -3870983.79
6 6 13066835.3
7 6 227363.887
8 6 -163983.913
9 6 -1627.01103
10 6 108775.826
11 6 185788.451
12 6 -108833.041
1 7 -1338145.41
2 7 -52933.207
3 7 277600.387
4 7 91751.795
5 7 -1189221.17
6 7 227363.887
7 7 49176390.3
8 7 -110489.169
9 7 -4182332.29
10 7 -778622.464
11 7 36096777.9
12 7 -7449798.8
13 7 -1102260.04
14 7 -32640.3254
15 7 173158.288
16 7 61192.1314
17 7 -1035818.64
18 7 209218.002
1 8 -50373.1087
2 8 -1297215.89
3 8 317515.22
4 8 1125250.42
5 8 -88827.6396
6 8 -163983.913
7 8 -110489.169
8 8 48987512
9 8 -8592751.83
10 8 -35249651
11 8 773951.784
12 8 2436714.97
13 8 -35703.2681
14 8 -1079802.85
15 8 267923.866
16 8 997735.449
17 8 -63805.4031
18 8 -106349.774
1 9 283684.513
2 9 318102.629
3 9 -203566.059
4 9 -294387.622
5 9 239290.13
6 9 -1627.01103
7 9 -4182332.29
8 9 -8592751.83
9 9 15587725.2
10 9 8329026.66
11 9 -2896720.28
12 9 4665.71863
13 9 168554.76
14 9 267507.187
15 9 -148683.276
16 9 -261886.478
17 9 144849.003
18 9 537.098314
1 10 90610.6437
2 10 1125367.54
3 10 -293964.147
4 10 -995579.276
5 10 108396.746
6 10 108775.826
7 10 -778622.464
8 10 -35249651
9 10 8329026.66
10 10 44209436.8
11 10 -1061384.3
12 10 -869599.691
13 10 63105.0542
14 10 997462.721
15 10 -262132.97
16 10 -938360.139
17 10 77994.4542
18 10 69857.281
1 11 -1191078.86
2 11 -92438.2804
3 11 234932.581
4 11 110782.607
5 11 -1083003.04
6 11 185788.451
7 11 36096777.9
8 11 773951.784
9 11 -2896720.28
10 11 -1061384.3
11 11 46136879.6
12 11 -6527145.59
13 11 -1034522.83
14 11 -59745.5886
15 11 148397.193
16 11 74894.45
17 11 -999369.168
18 11 182536.27
1 12 227358.902
2 12 -168612.606
3 12 524.704667
4 12 113165.403
5 12 185421.103
6 12 -108833.041
7 12 -7449798.8
8 12 2436714.97
9 12 4665.71863
10 12 -869599.691
11 12 -6527145.59
12 12 14568140.2
13 12 209183.819
14 12 -102565.137
15 12 -1287.55391
16 12 66027.5456
17 12 182837.557
18 12 -98987.8257
7 13 -1102260.04
8 13 -35703.2681
9 13 168554.76
10 13 63105.0542
11 13 -1034522.83
12 13 209183.819
13 13 75707995.4
14 13 -168562.979
15 13 -7464148.39
16 13 -1369663.99
17 13 60783269.8
18 13 -12371871.7
19 13 -2418761.4
20 13 -69119.0694
21 13 407529.091
22 13 130456.834
23 13 -2163467.18
24 13 436200.604
25 13 -1691558.07
26 13 -23909.6042
27 13 225195.285
28 13 53765.221
29 13 -1508064.31
30 13 305783.715
31 13 -1444262.23
32 13 -13681.4341
33 13 207613.508
34 13 41658.6283
35 13 -1276019.14
36 13 251590.643
37 13 -113351.917
38 13 -670.839686
39 13 17936.6024
40 13 4856.65321
41 13 -99552.2238
42 13 27208.7926
7 14 -32640.3254
8 14 -1079802.85
9 14 267507.187
10 14 997462.721
11 14 -59745.5886
12 14 -102565.137
13 14 -168562.979
14 14 75374495.3
15 14 -14286073.4
16 14 -59632608.2
17 14 1361473.3
18 14 4974437.09
19 14 -70447.7594
20 14 -2385768.1
21 14 581586.484
22 14 2112644.91
23 14 -130916.671
24 14 -266715.989
25 14 -47963.4414
26 14 -1678226.72
27 14 396723.465
28 14 1497122.33
29 14 -76072.5177
30 14 -143870.226
31 14 -48808.4186
32 14 -1428937.29
33 14 326073.673
34 14 1262499.61
35 14 -73080.397
36 14 -136840.921
37 14 -5958.44555
38 14 -115008.354
39 14 33333.451
40 14 106579.474
41 14 -9525.73926
42 14 -13885.0509
7 15 173158.288
8 15 267923.866
9 15 -148683.276
10 15 -262132.97
11 15 148397.193
12 15 -1287.55391
13 15 -7464148.39
14 15 -14286073.4
15 15 18412913.3
16 15 13741264.8
17 15 -5786008.85
18 15 8181.84754
19 15 395457.254
20 15 581010.388
21 15 -303985.804
22 15 -534875.605
23 15 339021.894
24 15 1435.9541
25 15 220359.927
26 15 379501.454
27 15 -181798.934
28 15 -348339.376
29 15 168801.119
30 15 -1325.17177
31 15 210348.419
32 15 313643.904
33 15 -150630.118
34 15 -286030.42
35 15 169595.571
36 15 -1667.6955
37 15 21354.7589
38 15 21676.4465
39 15 -9515.61941
40 15 -20806.5444
41 15 19465.4282
42 15 -2233.68258
7 16 61192.1314
8 16 997735.449
9 16 -261886.478
10 16 -938360.139
11 16 74894.45
12 16 66027.5456
13 16 -1369663.99
14 16 -59632608.2
15 16 13741264.8
16 16 67139854.5
17 16 -2129638.73
18 16 -2735524.62
19 16 129205.933
20 16 2111061.52
21 16 -534921.095
22 16 -1907912.67
23 16 164012.912
24 16 190878.344
25 16 73632.3867
26 16 1500414.39
27 16 -362786.846
28 16 -1363965.37
29 16 83332.5152
30 16 94768.2432
31 16 72347.6249
32 16 1264764.87
33 16 -296489.993
34 16 -1134642.93
35 16 82635.4255
36 16 96606.2583
37 16 8716.4858
38 16 104726.692
39 16 -30819.1356
40 16 -97494.6644
41 16 11547.9375
42 16 11810.4284
7 17 -1035818.64
8 17 -63805.4031
9 17 144849.003
10 17 77994.4542
11 17 -999369.168
12 17 182837.557
13 17 60783269.8
14 17 1361473.3
15 17 -5786008.85
16 17 -2129638.73
17 17 69714752.9
18 17 -10790735.1
19 17 -2159030.13
20 17 -127129.403
21 17 347706.607
22 17 162544.354
23 17 -1988687.02
24 17 362817.979
25 17 -1516190.28
26 17 -50469.9784
27 17 174011.992
28 17 61243.9504
29 17 -1389428.82
30 17 258899.651
31 17 -1282202.8
32 17 -40153.516
33 17 168504.841
34 17 53376.9649
35 17 -1154024.72
36 17 211739.751
37 17 -103066.634
38 17 -3955.53115
39 17 17161.5721
40 17 7481.41433
41 17 -90925.3066
42 17 24331.2336
7 18 209218.002
8 18 -106349.774
9 18 537.098314
10 18 69857.281
11 18 182536.27
12 18 -98987.8257
13 18 -12371871.7
14 18 4974437.09
15 18 8181.84754
16 18 -2735524.62
17 18 -10790735.1
18 18 16764532.5
19 18 436026.863
20 18 -256777.49
21 18 -3058.08711
22 18 181609.397
23 18 363479.257
24 18 -188188.405
25 18 294357.491
26 18 -142315.983
27 18 555.2856
28 18 92264.8431
29 18 247525.226
30 18 -118448.779
31 18 243037.878
32 18 -140689.614
33 18 997.697645
34 18 99176.1762
35 18 203321.869
36 18 -94847.7391
37 18 17696.0575
38 18 -17834.372
39 18 2266.44067
40 18 15795.7436
41 18 14883.3565
42 18 -6664.0678
13 19 -2418761.4
14 19 -70447.7594
15 19 395457.254
16 19 129205.933
17 19 -2159030.13
18 19 436026.863
19 19 91827105.5
20 19 50172.3862
21 19 -10167126.7
22 19 -1725185.5
23 19 66967326.6
24 19 -13571897.2
25 19 -2162354.01
26 19 -33765.4822
27 19 278848.879
28 19 73182.0469
29 19 -1942100.35
30 19 408425.708
31 19 -1853333.01
32 19 -15513.2516
33 19 229316.023
34 19 48101.9363
35 19 -1644444.03
36 19 343581.444
37 19 -375782.958
38 19 -1817.12603
39 19 55204.9674
40 19 14671.0788
41 19 -328218.337
42 19 90983.6248
13 20 -69119.0694
14 20 -2385768.1
15 20 581010.388
16 20 2111061.52
17 20 -127129.403
18 20 -256777.49
19 20 50172.3862
20 20 90672841.5
21 20 -13236072.7
22 20 -65859460.4
23 20 1715878.94
24 20 6397622.7
25 20 -64953.7822
26 20 -2147510.47
27 20 527292.293
28 20 1936242.45
29 20 -102217.842
30 20 -172445.117
31 20 -61567.7421
32 20 -1844963.23
33 20 441131.202
34 20 1650472.73
35 20 -89574.709
36 20 -147833.932
37 20 -19167.9198
38 20 -382238.084
39 20 112467.173
40 20 353360.108
41 20 -29937.2909
42 20 -42342.4677
13 21 407529.091
14 21 581586.484
15 21 -303985.804
16 21 -534921.095
17 21 347706.607
18 21 -3058.08711
19 21 -10167126.7
20 21 -13236072.7
21 21 20958569
22 21 15145091.7
23 21 -7482447.91
24 21 10244.3541
25 21 276653.048
26 21 505731.114
27 21 -243033.254
28 21 -469732.504
29 21 214535.026
30 21 -2257.04876
31 21 236670.93
32 21 425675.862
33 21 -193704.137
34 21 -391706.218
35 21 188665.824
36 21 -2514.18285
37 21 66910.07
38 21 73674.8867
39 21 -32251.9497
40 21 -70340.9926
41 21 61070.5104
42 21 -7160.39626
13 22 130456.834
14 22 2112644.91
15 22 -534875.605
16 22 -1907912.67
17 22 162544.354
18 22 181609.397
19 22 -1725185.5
20 22 -65859460.4
21 22 15145091.7
22 22 72078590.9
23 22 -2748033.49
24 22 -3758874.84
25 22 99967.4336
26 22 1941364.71
27 22 -488387.044
28 22 -1784488.83
29 22 113198.003
30 22 110965.63
31 22 89470.142
32 22 1653839.76
33 22 -405095.422
34 22 -1501691.83
35 22 99852.9344
36 22 101780.777
37 22 27688.0179
38 22 347323.008
39 22 -103602.479
40 22 -322542.141
41 22 36181.4721
42 22 35916.1607
13 23 -2163467.18
14 23 -130916.671
15 23 339021.894
16 23 164012.912
17 23 -1988687.02
18 23 363479.257
19 23 66967326.6
20 23 1715878.94
21 23 -7482447.91
22 23 -2748033.49
23 23 74391942.1
24 23 -11937916.7
25 23 -1954068.12
26 23 -69695.6895
27 23 218017.616
28 23 84340.816
29 23 -1801434.33
30 23 349587.465
31 23 -1653581.35
32 23 -46977.5166
33 23 184040.047
34 23 61039.8946
35 23 -1494489.06
36 23 292370.659
37 23 -340041.636
38 23 -12107.8392
39 23 53116.0288
40 23 22932.0934
41 23 -298568.625
42 23 80930.7627
13 24 436200.604
14 24 -266715.989
15 24 1435.9541
16 24 190878.344
17 24 362817.979
18 24 -188188.405
19 24 -13571897.2
20 24 6397622.7
21 24 10244.3541
22 24 -3758874.84
23 24 -11937916.7
24 24 17323588.4
25 24 394335.664
26 24 -173840.353
27 24 1153.94048
28 24 111020.753
29 24 334936.931
30 24 -157195.078
31 24 333079.194
32 24 -155826.195
33 24 1650.57093
34 24 108071.879
35 24 281630.204
36 24 -123704.53
37 24 59697.3502
38 24 -55578.133
39 24 7263.29436
40 24 49181.8978
41 24 49918.0852
42 24 -22300.0667
13 25 -1691558.07
14 25 -47963.4414
15 25 220359.927
16 25 73632.3867
17 25 -1516190.28
18 25 294357.491
19 25 -2162354.01
20 25 -64953.7822
21 25 276653.048
22 25 99967.4336
23 25 -1954068.12
24 25 394335.664
25 25 78209806.3
26 25 77484.3572
27 25 -7688562.65
28 25 -1094821.79
29 25 61206608
30 25 -11754387.6
31 25 -1743010.91
32 25 -29406.5617
33 25 229968.13
34 25 59446.5542
35 25 -1549669.54
36 25 315735.897
37 25 -263418.879
38 25 -3501.19163
39 25 42521.6014
40 25 13048.5404
41 25 -239257.344
42 25 62430.6335
13 26 -23909.6042
14 26 -1678226.72
15 26 379501.454
16 26 1500414.39
17 26 -50469.9784
18 26 -142315.983
19 26 -33765.4822
20 26 -2147510.47
21 26 505731.114
22 26 1941364.71
23 26 -69695.6895
24 26 -173840.353
25 26 77484.3572
26 26 77795649.3
27 26 -11388545.3
28 26 -60126671
29 26 1088296.53
30 26 4845934.02
31 26 -47670.7345
32 26 -1739411.88
33 26 417740.756
34 26 1547924.94
35 26 -75131.0302
36 26 -150788.437
37 26 -12086.857
38 26 -266099.357
39 26 75040.4103
40 26 252680.152
41 26 -20797.7972
42 26 -34181.5963
13 27 225195.285
14 27 396723.465
15 27 -181798.934
16 27 -362786.846
17 27 174011.992
18 27 555.2856
19 27 278848.879
20 27 527292.293
21 27 -243033.254
22 27 -488387.044
23 27 218017.616
24 27 1153.94048
25 27 -7688562.65
26 27 -11388545.3
27 27 18521274.7
28 27 12970276.9
29 27 -5464066.45
30 27 6566.07852
31 27 236234.429
32 27 421018.615
33 27 -192232.32
34 27 -377353.432
35 27 193560.745
36 27 -613.471899
37 27 50942.9924
38 27 50636.4292
39 27 -23028.8116
40 27 -49512.6162
41 27 48535.0718
42 27 -5285.59905
13 28 53765.221
14 28 1497122.33
15 28 -348339.376
16 28 -1363965.37
17 28 61243.9504
18 28 92264.8431
19 28 73182.0469
20 28 1936242.45
21 28 -469732.504
22 28 -1784488.83
23 28 84340.816
24 28 111020.753
25 28 -1094821.79
26 28 -60126671
27 28 12970276.9
28 28 72469243.7
29 28 -1800097.9
30 28 -2568261.47
31 28 76706.9319
32 28 1546862.67
33 28 -374581.614
34 28 -1416951.88
35 28 87128.4406
36 28 105018.3
37 28 19088.1776
38 28 247371.941
39 28 -70571.4866
40 28 -236715.531
41 28 26590.7415
42 28 30365.3271
13 29 -1508064.31
14 29 -76072.5177
15 29 168801.119
16 29 83332.5152
17 29 -1389428.82
18 29 247525.226
19 29 -1942100.35
20 29 -102217.842
21 29 214535.026
22 29 113198.003
23 29 -1801434.33
24 29 334936.931
25 29 61206608
26 29 1088296.53
27 29 -5464066.45
28 29 -1800097.9
29 29 75304029.6
30 29 -10945663.3
31 29 -1547980.32
32 29 -60229.48
33 29 188286.785
34 29 72485.3324
35 29 -1436343.07
36 29 263984.582
37 29 -245896.8
38 29 -11175.1526
39 29 42386.4826
40 29 19782.7071
41 29 -225842.942
42 29 56945.1143
13 30 305783.715
14 30 -143870.226
15 30 -1325.17177
16 30 94768.2432
17 30 258899.651
18 30 -118448.779
19 30 408425.708
20 30 -172445.117
21 30 -2257.04876
22 30 110965.63
23 30 349587.465
24 30 -157195.078
25 30 -11754387.6
26 30 4845934.02
27 30 6566.07852
28 30 -2568261.47
29 30 -10945663.3
30 30 17130167.2
31 30 317617.698
32 30 -155226.887
33 30 -194.229441
34 30 109004.241
35 30 266067.131
36 30 -123835.168
37 30 41480.7907
38 30 -43542.6308
39 30 5286.99612
40 30 40251.7636
41 30 35526.5032
42 30 -16852.715
13 31 -1444262.23
14 31 -48808.4186
15 31 210348.419
16 31 72347.6249
17 31 -1282202.8
18 31 243037.878
19 31 -1853333.01
20 31 -61567.7421
21 31 236670.93
22 31 89470.142
23 31 -1653581.35
24 31 333079.194
25 31 -1743010.91
26 31 -47670.7345
27 31 236234.429
28 31 76706.9319
29 31 -1547980.32
30 31 317617.698
31 31 -48572113.5
32 31 108873224
33 31 66688078.1
34 31 -872932.261
35 31 67088156.3
36 31 -14116139.6
37 31 -240735.24
38 31 -4409.30443
39 31 38038.8318
40 31 12810.6177
41 31 -214987.558
42 31 57307.9451
13 32 -13681.4341
14 32 -1428937.29
15 32 313643.904
16 32 1264764.87
17 32 -40153.516
18 32 -140689.614
19 32 -15513.2516
20 32 -1844963.23
21 32 425675.862
22 32 1653839.76
23 32 -46977.5166
24 32 -155826.195
25 32 -29406.5617
26 32 -1739411.88
27 32 421018.615
28 32 1546862.67
29 32 -60229.48
30 32 -155226.887
31 32 108873224
32 32 196362173
33 32 37963556.7
34 32 -65954278.3
35 32 868634.633
36 32 1798818.59
37 32 -9561.9355
38 32 -243927.31
39 32 69775.0936
40 32 228784.825
41 32 -17315.2479
42 32 -30015.4812
13 33 207613.508
14 33 326073.673
15 33 -150630.118
16 33 -296489.993
17 33 168504.841
18 33 997.697645
19 33 229316.023
20 33 441131.202
21 33 -193704.137
22 33 -405095.422
23 33 184040.047
24 33 1650.57093
25 33 229968.13
26 33 417740.756
27 33 -192232.32
28 33 -374581.614
29 33 188286.785
30 33 -194.229441
31 33 66688078.1
32 33 37963556.7
33 33 -812573.567
34 33 15641909
35 33 -2108876.52
36 33 5175.95572
37 33 44717.6511
38 33 47101.122
39 33 -20941.3915
40 33 -45531.189
41 33 41867.1196
42 33 -4596.5601
13 34 41658.6283
14 34 1262499.61
15 34 -286030.42
16 34 -1134642.93
17 34 53376.9649
18 34 99176.1762
19 34 48101.9363
20 34 1650472.73
21 34 -391706.218
22 34 -1501691.83
23 34 61039.8946
24 34 108071.879
25 34 59446.5542
26 34 1547924.94
27 34 -377353.432
28 34 -1416951.88
29 34 72485.3324
30 34 109004.241
31 34 -872932.261
32 34 -65954278.3
33 34 15641909
34 34 83903338.6
35 34 -1100606.78
36 34 -73529.0934
37 34 15714.414
38 34 224157.809
39 34 -64923.5327
40 34 -211612.294
41 34 22157.3006
42 34 26146.9383
13 35 -1276019.14
14 35 -73080.397
15 35 169595.571
16 35 82635.4255
17 35 -1154024.72
18 35 203321.869
19 35 -1644444.03
20 35 -89574.709
21 35 188665.824
22 35 99852.9344
23 35 -1494489.06
24 35 281630.204
25 35 -1549669.54
26 35 -75131.0302
27 35 193560.745
28 35 87128.4406
29 35 -1436343.07
30 35 266067.131
31 35 67088156.3
32 35 868634.633
33 35 -2108876.52
34 35 -1100606.78
35 35 87309876.5
36 35 -13942165.9
37 35 -221242.297
38 35 -11070.004
39 35 37228.3961
40 35 18411.7037
41 35 -199350.495
42 35 51587.4359
13 36 251590.643
14 36 -136840.921
15 36 -1667.6955
16 36 96606.2583
17 36 211739.751
18 36 -94847.7391
19 36 343581.444
20 36 -147833.932
21 36 -2514.18285
22 36 101780.777
23 36 292370.659
24 36 -123704.53
25 36 315735.897
26 36 -150788.437
27 36 -613.471899
28 36 105018.3
29 36 263984.582
30 36 -123835.168
31 36 -14116139.6
32 36 1798818.59
33 36 5175.95572
34 36 -73529.0934
35 36 -13942165.9
36 36 18702085.1
37 36 38339.592
38 36 -37688.9204
39 36 4615.27214
40 36 34195.5118
41 36 32504.6972
42 36 -14925.8566
13 37 -113351.917
14 37 -5958.44555
15 37 21354.7589
16 37 8716.4858
17 37 -103066.634
18 37 17696.0575
19 37 -375782.958
20 37 -19167.9198
21 37 66910.07
22 37 27688.0179
23 37 -340041.636
24 37 59697.3502
25 37 -263418.879
26 37 -12086.857
27 37 50942.9924
28 37 19088.1776
29 37 -245896.8
30 37 41480.7907
31 37 -240735.24
32 37 -9561.9355
33 37 44717.6511
34 37 15714.414
35 37 -221242.297
36 37 38339.592
37 37 78994153.6
38 37 1254786.36
39 37 -4044084.42
40 37 701374.537
41 37 49907369.4
42 37 -9942080.73
13 38 -670.839686
14 38 -115008.354
15 38 21676.4465
16 38 104726.692
17 38 -3955.53115
18 38 -17834.372
19 38 -1817.12603
20 38 -382238.084
21 38 73674.8867
22 38 347323.008
23 38 -12107.8392
24 38 -55578.133
25 38 -3501.19163
26 38 -266099.357
27 38 50636.4292
28 38 247371.941
29 38 -11175.1526
30 38 -43542.6308
31 38 -4409.30443
32 38 -243927.31
33 38 47101.122
34 38 224157.809
35 38 -11070.004
36 38 -37688.9204
37 38 1254786.36
38 38 77267011.6
39 38 1611913.66
40 38 -49895682.1
41 38 -687952.178
42 38 -1697470.22
13 39 17936.6024
14 39 33333.451
15 39 -9515.61941
16 39 -30819.1356
17 39 17161.5721
18 39 2266.44067
19 39 55204.9674
20 39 112467.173
21 39 -32251.9497
22 39 -103602.479
23 39 53116.0288
24 39 7263.29436
25 39 42521.6014
26 39 75040.4103
27 39 -23028.8116
28 39 -70571.4866
29 39 42386.4826
30 39 5286.99612
31 39 38038.8318
32 39 69775.0936
33 39 -20941.3915
34 39 -64923.5327
35 39 37228.3961
36 39 4615.27214
37 39 -4044084.42
38 39 1611913.66
39 39 23718792.3
40 39 11299326.1
41 39 1972506.59
42 39 -4136.63464
13 40 4856.65321
14 40 106579.474
15 40 -20806.5444
16 40 -97494.6644
17 40 7481.41433
18 40 15795.7436
19 40 14671.0788
20 40 353360.108
21 40 -70340.9926
22 40 -322542.141
23 40 22932.0934
24 40 49181.8978
25 40 13048.5404
26 40 252680.152
27 40 -49512.6162
28 40 -236715.531
29 40 19782.7071
30 40 40251.7636
31 40 12810.6177
32 40 228784.825
33 40 -45531.189
34 40 -211612.294
35 40 18411.7037
36 40 34195.5118
37 40 701374.537
38 40 -49895682.1
39 40 11299326.1
40 40 94640252
41 40 2809244.55
42 40 4352861.2
13 41 -99552.2238
14 41 -9525.73926
15 41 19465.4282
16 41 11547.9375
17 41 -90925.3066
18 41 14883.3565
19 41 -328218.337
20 41 -29937.2909
21 41 61070.5104
22 41 36181.4721
23 41 -298568.625
24 41 49918.0852
25 41 -239257.344
26 41 -20797.7972
27 41 48535.0718
28 41 26590.7415
29 41 -225842.942
30 41 35526.5032
31 41 -214987.558
32 41 -17315.2479
33 41 41867.1196
34 41 22157.3006
35 41 -199350.495
36 41 32504.6972
37 41 49907369.4
38 41 -687952.178
39 41 1972506.59
40 41 2809244.55
41 41 94971739.1
42 41 -16942425.4
13 42 27208.7926
14 42 -13885.0509
15 42 -2233.68258
16 42 11810.4284
17 42 24331.2336
18 42 -6664.0678
19 42 90983.6248
20 42 -42342.4677
21 42 -7160.39626
22 42 35916.1607
23 42 80930.7627
24 42 -22300.0667
25 42 62430.6335
26 42 -34181.5963
27 42 -5285.59905
28 42 30365.3271
29 42 56945.1143
30 42 -16852.715
31 42 57307.9451
32 42 -30015.4812
33 42 -4596.5601
34 42 26146.9383
35 42 51587.4359
36 42 -14925.8566
37 42 -9942080.73
38 42 -1697470.22
39 42 -4136.63464
40 42 4352861.2
41 42 -16942425.4
42 42 20300317.1
