# name: debug
# type: sparse matrix
# nnz: 1116
# rows: 42
# columns: 42

1 1 35991493.2
2 1 -101783.652
3 1 -3246113.88
4 1 -549792.86
5 1 23143630.4
6 1 -4551169.51
7 1 -1338145.41
8 1 -50373.1087
9 1 283684.513
10 1 90610.6437
11 1 -1191078.86
12 1 227358.902
1 2 -101783.652
2 2 35903822.7
3 2 -5374863.03
4 2 -22524745
5 2 546475.334
6 2 2014216.24
7 2 -52933.207
8 2 -1297215.89
9 2 318102.629
10 2 1125367.54
11 2 -92438.2804
12 2 -168612.606
1 3 -3246113.88
2 3 -5374863.03
3 3 13941243.1
4 3 5088190.81
5 3 -2376415.79
6 3 3311.21109
7 3 277600.387
8 3 317515.22
9 3 -203566.059
10 3 -293964.147
11 3 234932.581
12 3 524.704667
1 4 -549792.86
2 4 -22524745
3 4 5088190.81
4 4 31488397.5
5 4 -803834.558
6 4 -955236.711
7 4 91751.795
8 4 1125250.42
9 4 -294387.622
10 4 -995579.276
11 4 110782.607
12 4 113165.403
1 5 23143630.4
2 5 546475.334
3 5 -2376415.79
4 5 -803834.558
5 5 32762641.8
6 5 -3870983.79
7 5 -1189221.17
8 5 -88827.6396
9 5 239290.13
10 5 108396.746
11 5 -1083003.04
12 5 185421.103
1 6 -4551169.51
2 6 2014216.24
3 6 3311.21109
4 6 -955236.711
5 6 -3870983.79
6 6 13066835.3
7 6 227363.887
8 6 -163983.913
9 6 -1627.01103
10 6 108775.826
11 6 185788.451
12 6 -108833.041
1 7 -1338145.41
2 7 -52933.207
3 7 277600.387
4 7 91751.795
5 7 -1189221.17
6 7 227363.887
7 7 49176390.3
8 7 -110489.169
9 7 -4182332.29
10 7 -778622.464
11 7 36096777.9
12 7 -7449798.8
13 7 -1102260.04
14 7 -32640.3254
15 7 173158.288
16 7 61192.1314
17 7 -1035818.64
18 7 209218.002
1 8 -50373.1087
2 8 -1297215.89
3 8 317515.22
4 8 1125250.42
5 8 -88827.6396
6 8 -163983.913
7 8 -110489.169
8 8 48987512
9 8 -8592751.83
10 8 -35249651
11 8 773951.784
12 8 2436714.97
13 8 -35703.2681
14 8 -1079802.85
15 8 267923.866
16 8 997735.449
17 8 -63805.4031
18 8 -106349.774
1 9 283684.513
2 9 318102.629
3 9 -203566.059
4 9 -294387.622
5 9 239290.13
6 9 -1627.01103
7 9 -4182332.29
8 9 -8592751.83
9 9 15587725.2
10 9 8329026.66
11 9 -2896720.28
12 9 4665.71863
13 9 168554.76
14 9 267507.187
15 9 -148683.276
16 9 -261886.478
17 9 144849.003
18 9 537.098314
1 10 90610.6437
2 10 1125367.54
3 10 -293964.147
4 10 -995579.276
5 10 108396.746
6 10 108775.826
7 10 -778622.464
8 10 -35249651
9 10 8329026.66
10 10 44209436.8
11 10 -1061384.3
12 10 -869599.691
13 10 63105.0542
14 10 997462.721
15 10 -262132.97
16 10 -938360.139
17 10 77994.4542
18 10 69857.281
1 11 -1191078.86
2 11 -92438.2804
3 11 234932.581
4 11 110782.607
5 11 -1083003.04
6 11 185788.451
7 11 36096777.9
8 11 773951.784
9 11 -2896720.28
10 11 -1061384.3
11 11 46136879.6
12 11 -6527145.59
13 11 -1034522.83
14 11 -59745.5886
15 11 148397.193
16 11 74894.45
17 11 -999369.168
18 11 182536.27
1 12 227358.902
2 12 -168612.606
3 12 524.704667
4 12 113165.403
5 12 185421.103
6 12 -108833.041
7 12 -7449798.8
8 12 2436714.97
9 12 4665.71863
10 12 -869599.691
11 12 -6527145.59
12 12 14568140.2
13 12 209183.819
14 12 -102565.137
15 12 -1287.55391
16 12 66027.5456
17 12 182837.557
18 12 -98987.8257
7 13 -1102260.04
8 13 -35703.2681
9 13 168554.76
10 13 63105.0542
11 13 -1034522.83
12 13 209183.819
13 13 75707995.4
14 13 -168562.979
15 13 -7464148.39
16 13 -1369663.99
17 13 60783269.8
18 13 -12371871.7
19 13 -2418761.4
20 13 -69119.0694
21 13 407529.091
22 13 130456.834
23 13 -2163467.18
24 13 436200.604
25 13 -1691558.07
26 13 -23909.6042
27 13 225195.285
28 13 53765.221
29 13 -1508064.31
30 13 305783.715
31 13 -1444262.23
32 13 -13681.4341
33 13 207613.508
34 13 41658.6283
35 13 -1276019.14
36 13 251590.643
37 13 -113351.917
38 13 -670.839686
39 13 17936.6024
40 13 4856.65321
41 13 -99552.2238
42 13 27208.7926
7 14 -32640.3254
8 14 -1079802.85
9 14 267507.187
10 14 997462.721
11 14 -59745.5886
12 14 -102565.137
13 14 -168562.979
14 14 75374495.3
15 14 -14286073.4
16 14 -59632608.2
17 14 1361473.3
18 14 4974437.09
19 14 -70447.7594
20 14 -2385768.1
21 14 581586.484
22 14 2112644.91
23 14 -130916.671
24 14 -266715.989
25 14 -47963.4414
26 14 -1678226.72
27 14 396723.465
28 14 1497122.33
29 14 -76072.5177
30 14 -143870.226
31 14 -48808.4186
32 14 -1428937.29
33 14 326073.673
34 14 1262499.61
35 14 -73080.397
36 14 -136840.921
37 14 -5958.44555
38 14 -115008.354
39 14 33333.451
40 14 106579.474
41 14 -9525.73926
42 14 -13885.0509
7 15 173158.288
8 15 267923.866
9 15 -148683.276
10 15 -262132.97
11 15 148397.193
12 15 -1287.55391
13 15 -7464148.39
14 15 -14286073.4
15 15 18412913.3
16 15 13741264.8
17 15 -5786008.85
18 15 8181.84754
19 15 395457.254
20 15 581010.388
21 15 -303985.804
22 15 -534875.605
23 15 339021.894
24 15 1435.9541
25 15 220359.927
26 15 379501.454
27 15 -181798.934
28 15 -348339.376
29 15 168801.119
30 15 -1325.17177
31 15 210348.419
32 15 313643.904
33 15 -150630.118
34 15 -286030.42
35 15 169595.571
36 15 -1667.6955
37 15 21354.7589
38 15 21676.4465
39 15 -9515.61941
40 15 -20806.5444
41 15 19465.4282
42 15 -2233.68258
7 16 61192.1314
8 16 997735.449
9 16 -261886.478
10 16 -938360.139
11 16 74894.45
12 16 66027.5456
13 16 -1369663.99
14 16 -59632608.2
15 16 13741264.8
16 16 67139854.5
17 16 -2129638.73
18 16 -2735524.62
19 16 129205.933
20 16 2111061.52
21 16 -534921.095
22 16 -1907912.67
23 16 164012.912
24 16 190878.344
25 16 73632.3867
26 16 1500414.39
27 16 -362786.846
28 16 -1363965.37
29 16 83332.5152
30 16 94768.2432
31 16 72347.6249
32 16 1264764.87
33 16 -296489.993
34 16 -1134642.93
35 16 82635.4255
36 16 96606.2583
37 16 8716.4858
38 16 104726.692
39 16 -30819.1356
40 16 -97494.6644
41 16 11547.9375
42 16 11810.4284
7 17 -1035818.64
8 17 -63805.4031
9 17 144849.003
10 17 77994.4542
11 17 -999369.168
12 17 182837.557
13 17 60783269.8
14 17 1361473.3
15 17 -5786008.85
16 17 -2129638.73
17 17 69714752.9
18 17 -10790735.1
19 17 -2159030.13
20 17 -127129.403
21 17 347706.607
22 17 162544.354
23 17 -1988687.02
24 17 362817.979
25 17 -1516190.28
26 17 -50469.9784
27 17 174011.992
28 17 61243.9504
29 17 -1389428.82
30 17 258899.651
31 17 -1282202.8
32 17 -40153.516
33 17 168504.841
34 17 53376.9649
35 17 -1154024.72
36 17 211739.751
37 17 -103066.634
38 17 -3955.53115
39 17 17161.5721
40 17 7481.41433
41 17 -90925.3066
42 17 24331.2336
7 18 209218.002
8 18 -106349.774
9 18 537.098314
10 18 69857.281
11 18 182536.27
12 18 -98987.8257
13 18 -12371871.7
14 18 4974437.09
15 18 8181.84754
16 18 -2735524.62
17 18 -10790735.1
18 18 16764532.5
19 18 436026.863
20 18 -256777.49
21 18 -3058.08711
22 18 181609.397
23 18 363479.257
24 18 -188188.405
25 18 294357.491
26 18 -142315.983
27 18 555.2856
28 18 92264.8431
29 18 247525.226
30 18 -118448.779
31 18 243037.878
32 18 -140689.614
33 18 997.697645
34 18 99176.1762
35 18 203321.869
36 18 -94847.7391
37 18 17696.0575
38 18 -17834.372
39 18 2266.44067
40 18 15795.7436
41 18 14883.3565
42 18 -6664.0678
13 19 -2418761.4
14 19 -70447.7594
15 19 395457.254
16 19 129205.933
17 19 -2159030.13
18 19 436026.863
19 19 91827105.5
20 19 50172.3862
21 19 -10167126.7
22 19 -1725185.5
23 19 66967326.6
24 19 -13571897.2
25 19 -2162354.01
26 19 -33765.4822
27 19 278848.879
28 19 73182.0469
29 19 -1942100.35
30 19 408425.708
31 19 -1853333.01
32 19 -15513.2516
33 19 229316.023
34 19 48101.9363
35 19 -1644444.03
36 19 343581.444
37 19 -375782.958
38 19 -1817.12603
39 19 55204.9674
40 19 14671.0788
41 19 -328218.337
42 19 90983.6248
13 20 -69119.0694
14 20 -2385768.1
15 20 581010.388
16 20 2111061.52
17 20 -127129.403
18 20 -256777.49
19 20 50172.3862
20 20 90672841.5
21 20 -13236072.7
22 20 -65859460.4
23 20 1715878.94
24 20 6397622.7
25 20 -64953.7822
26 20 -2147510.47
27 20 527292.293
28 20 1936242.45
29 20 -102217.842
30 20 -172445.117
31 20 -61567.7421
32 20 -1844963.23
33 20 441131.202
34 20 1650472.73
35 20 -89574.709
36 20 -147833.932
37 20 -19167.9198
38 20 -382238.084
39 20 112467.173
40 20 353360.108
41 20 -29937.2909
42 20 -42342.4677
13 21 407529.091
14 21 581586.484
15 21 -303985.804
16 21 -534921.095
17 21 347706.607
18 21 -3058.08711
19 21 -10167126.7
20 21 -13236072.7
21 21 20958569
22 21 15145091.7
23 21 -7482447.91
24 21 10244.3541
25 21 276653.048
26 21 505731.114
