pose_candidate [0]: 
[-0.9999949254423817, -0.002034693955030138, -0.002451348607314396, 0.0008027808832581021;
 0.002040017452757473, -0.9999955622708887, -0.002171121213014298, -0.003304891601216703;
 0.002446920161685563, 0.00217611098947632, -0.9999946385469692, -0.999994216600455]
pose_candidate [1]: 
[-0.9999949254423817, -0.002034693955030138, -0.002451348607314396, -0.0008027808832581021;
 0.002040017452757473, -0.9999955622708887, -0.002171121213014298, 0.003304891601216703;
 0.002446920161685563, 0.00217611098947632, -0.9999946385469692, 0.999994216600455]
pose_candidate [2]: 
[0.999989697051137, 0.002036503656136008, 0.004056900840972814, 0.0008027808832581021;
 -0.002018493190442878, 0.9999881120860248, -0.004438622744511449, -0.003304891601216703;
 0.004065891884332017, -0.004430388186886486, -0.9999819199284047, -0.999994216600455]
pose_candidate [3]: 
[0.999989697051137, 0.002036503656136008, 0.004056900840972814, -0.0008027808832581021;
 -0.002018493190442878, 0.9999881120860248, -0.004438622744511449, 0.003304891601216703;
 0.004065891884332017, -0.004430388186886486, -0.9999819199284047, 0.999994216600455]

=====OpenCV decomposition=====
R1:
[-0.999989697051137, -0.002036503656136008, -0.004056900840972814;
 0.002018493190442878, -0.9999881120860248, 0.004438622744511449;
 -0.004065891884332017, 0.004430388186886486, 0.9999819199284047]
R2:
[0.9999949254423817, 0.002034693955030138, 0.002451348607314396;
 -0.002040017452757473, 0.9999955622708887, 0.002171121213014298;
 -0.002446920161685563, -0.00217611098947632, 0.9999946385469692]
t:
[-0.0008027808832581021;
 0.003304891601216703;
 0.999994216600455]
R:
[0.9999949254423817, 0.002034693955030138, 0.002451348607314396;
 -0.002040017452757473, 0.9999955622708887, 0.002171121213014298;
 -0.002446920161685563, -0.00217611098947632, 0.9999946385469692]
t:
[0.0008027808832581021;
 -0.003304891601216703;
 -0.999994216600455
 
 array([[ 9.99989697e-01,  2.03650366e-03,  4.05690084e-03,
        -8.02780883e-04],
       [-2.01849319e-03,  9.99988112e-01, -4.43862274e-03,
         3.30489160e-03],
       [ 4.06589188e-03, -4.43038819e-03, -9.99981920e-01,
         9.99994217e-01]])
         
         
GT
9.999978e-01 5.272628e-04 -2.066935e-03 -4.690294e-02 
-5.296506e-04 9.999992e-01 -1.154865e-03 -2.839928e-02 
2.066324e-03 1.155958e-03 9.999971e-01 8.586941e-01

